2116
-4831
-20984
-17544
-5025
-2301
24090
30724
22476
1102
-14363
-28736
-29178
-2473
9568
-13002
-22965
-78
-8292
-22658
20869
-18600
6951
-27149
-25324
24847
22602
-4281
-6119
-26505
-6491
27155
26352
32254
18821
19553
11096
25537
-4159
-19420
-9429
8952
29353
13482
24106
-7026
-22650
9097
-24372
-15250
-5203
24371
-8615
-29366
-21183
-16197
-11752
-13375
-30889
-24566
-30719
-6727
-24233
6611
21661
19744
3194
16020
32336
-9255
-20732
-32629
-8365
24547
23743
-13209
21110
16924
-22229
14864
6678
2748
-765
11492
28589
-31255
-19201
11179
-10196
-17198
-32110
-13058
-10811
28121
-9282
-18402
-15606
-3482
-17883
9488
24739
30189
27410
24222
1793
-24377
9163
32077
32494
-28854
12616
-31021
-6541
17524
14773
-7122
-12642
-2271
-31382
17598
-9238
8430
412
-17510
-9108
-11792
21950
14491
1292
-3972
-30211
20333
31423
20928
-14401
-31808
7956
-22844
28537
-3325
-9195
-13646
-25767
-110
-1805
-29312
24800
1582
3903
-15207
6205
-8732
-9068
14315
19804
-15870
-6817
-32346
9406
-14755
-24259
-10700
27911
-15285
9329
-9497
2876
-7824
3230
5002
-21336
14623
-574
-31599
26533
-23481
790
11359
13483
9754
20709
-12935
14999
-5775
12407
-11535
10465
27960
30116
2671
-26608
8585
20463
-7415
14281
-12966
29608
-17300
-28777
-17499
23017
-30357
32481
6620
19497
-14698
-29568
32643
-14187
11510
-4146
4624
-574
2133
22710
32635
11288
27506
24753
-12801
32699
14678
17333
17441
-22331
-4510
12261
6101
29343
20406
18740
5030
28639
12841
-20467
-29348
-29577
-6274
957
1191
-14294
-17923
20543
-4998
-4286
-29925
31860
-5006
9122
-1586
8110
-9215
-3104
32375
-5429
2432
9630
-18184
-4350
-29071
-29987
16931
19800
-16197
6137
7973
-27895
-13200
-4820
4801
32121
-27507
17040
21236
-16481
-26669
-24004
18264
21398
9638
-12692
11258
-32203
-4648
-31017
-21986
14931
-23503
25444
-12416
-28747
4529
15869
-661
6588
7265
-9490
13069
19481
-14079
21545
3733
-21330
14745
7821
21622
4181
-3336
22308
-24772
16532
-12464
10399
28965
-9214
-20968
28624
-14796
-13408
4422
29041
-25001
27985
16475
4387
-28449
-3096
11548
4203
-11946
6845
20588
4222
-5762
17597
29185
2748
-32492
-15238
-18184
-150
-28341
-10158
26817
21192
-1960
9420
-13099
16594
23633
-5523
24787
19628
17569
-21653
-25980
-15188
21432
22816
14869
-9311
-7849
-23727
9791
30371
12108
-24400
26918
1428
10854
6229
23029
18167
13261
15830
3044
-15836
-26469
28641
-3840
-2493
10361
-31621
10329
13582
28639
-3535
30543
16590
-18331
26654
12522
-7582
-22612
11919
27845
-13292
-31146
-19577
-22502
-19425
-31323
-16832
-13566
-20802
22921
-28260
-29334
7411
27517
-6318
14705
-12496
4581
-10259
-4772
-13982
-21150
22045
-32150
1849
7967
-15284
-7323
18668
9314
-20550
-6829
698
-23161
-9447
-31959
-27783
5188
29598
-1722
-15306
8279
-25850
26853
17420
-26443
19838
13452
6790
4307
-24243
-7453
3016
-10826
6980
-18690
-30189
4063
15116
-26491
32157
16222
13906
28697
11489
20142
-4458
29283
24651
-23486
-31257
5315
14668
10522
9049
-22189
3444
29997
31024
-13225
27029
14670
8790
32384
-4760
24369
3290
32404
18100
26232
-6037
-13254
-31578
16652
10601
-5961
28187
29159
5364
12869
26780
-15646
-17187
-4656
-14815
-3601
4196
12080
-7287
-31388
15118
26073
-5162
26658
-16775
-6694
-25694
13401
21494
14519
10837
-26277
10552
-19307
-8761
12394
-208
24258
-21359
22421
-28184
-10367
-29959
-11580
-20108
23858
-20564
19748
-20552
-6836
2020
19974
4652
22083
18290
-13221
-176
8754
24547
24245
2916
-19756
-26171
-4963
29672
-11075
14787
-32053
-29776
-25997
-781
-14211
7051
-11414
-15077
7514
10689
18726
-16495
-28278
14799
-31585
2365
19730
7600
3331
-2240
-12645
306
-9174
-29652
10348
18765
-17005
15504
-28026
8451
-21949
-19036
-22042
-3846
29138
-15627
16490
-1134
-30053
9871
-24941
-31305
12105
25593
12317
-29521
11680
-10329
1903
-29727
-30195
12544
-18432
21872
17728
-7632
5700
6825
-19303
-29560
26571
18727
-24890
-9973
24874
8983
11684
2472
1055
22597
-1447
30635
-15938
-14297
-20121
15235
-26218
20843
3386
-20427
-30928
26889
14023
10039
20687
5635
31694
-25429
-18973
-21691
9277
-16646
4530
-8935
-21018
22605
3125
13498
-8362
-30499
3521
-1412
29513
-28919
-27831
22271
20623
27912
-4140
4108
-23331
20281
-6941
32594
11033
9393
8467
-32139
-23360
2087
-5403
12962
-18638
-9112
-31413
12755
-29385
14527
-22528
-29319
-1574
-28131
3089
19168
-1243
-7280
24308
30041
-27234
14181
29790
32319
3623
-3424
2155
23901
-11132
-12587
-23171
-30105
-27132
8435
31166
-6086
23961
5831
-5269
-372
-17079
-26531
-29693
32598
-6121
-21937
12536
-9457
-9026
-24173
-28189
7205
-13503
3471
-29631
-5380
-15769
4826
12229
9555
-28329
21185
-10709
-18229
-12069
-15108
-15344
22278
-4506
-13729
-15178
28254
22836
29148
-16591
-15891
-10797
6225
-10394
-8029
15802
19952
-7829
-3893
-18431
-6193
29692
4329
30618
9644
-10504
-22142
28116
-30239
-2258
25042
1356
2960
-255
9753
10689
-27135
-32272
22014
-27275
14446
-1610
6757
-10020
21219
16969
-5132
-16205
26340
3830
13575
22714
20219
-5114
-4675
-13134
9451
6338
3646
-19009
-27839
18754
-6772
15962
-30829
2386
24907
-27593
19939
1351
-8441
4602
9894
2083
27184
30009
-30327
-11211
-29697
31341
-18629
8407
3991
-5465
-23527
3266
-12524
21909
-25438
14081
15755
-12059
-28842
30578
-32657
-15637
2461
2744
18119
-24595
17763
7180
11225
-27634
11876
-28630
-1649
-27570
-13370
-9113
-13685
4330
-17292
-26342
-20274
20891
-16800
17086
-1571
-2326
16256
-31685
6974
-7267
27709
26075
28053
-529
-13275
28349
10736
-14186
-11220
-24655
27262
-732
-31640
6962
24761
25512
2594
-20622
9415
15242
11569
21944
17739
-15170
-20405
-7039
29867
-24293
13390
-1030
-27299
-13746
18643
-28928
29515
2926
24398
-5187
25157
-26150
-3400
-5132
9121
6241
2002
24799
-19589
16190
1858
29278
-20072
13571
-15487
-28205
5759
-11356
-23910
31682
-4003
-26572
-2399
6960
-25207
-3604
8761
-371
21948
28938
28453
23631
10468
8921
27033
-20845
-21856
19463
17993
8948
32111
-31215
17073
-13607
18715
1889
-3207
963
-19802
15942
-2776
30903
-23761
23403
-4467
-1829
23094
4126
-2803
11744
24576
26650
18088
3654
28114
6162
-29280
2847
21102
-11288
25513
26128
10394
31495
-5667
-20625
-4109
19415
-6649
-27393
24316
26175
-4427
26906
-27967
-17824
-14810
25466
621
25139
18180
-14306
29469
4126
-23816
15598
-15834
30475
25860
-7006
-22192
-11122
-18991
-29389
14053
-12019
5471
-30427
24013
7977
-29844
32298
7133
-31679
16882
2087
29245
11243
19001
-10959
29615
20057
-21395
-989
-27346
31656
16321
18165
7933
-10215
587
1198
-28927
2279
-18333
-19033
-14648
-15893
-3306
25924
-28572
-5948
6993
15739
1556
29391
16137
27473
25090
-24519
-4779
-630
-3761
11841
-6827
-8077
-2770
-12517
-15981
-31596
8371
-12391
-12497
23154
-29135
14608
-24559
-14084
31138
22457
-29519
15030
-5978
-9107
-10162
-7471
-8735
-4018
-7191
-5105
21487
25517
29070
-8820
-2725
-3314
7650
-28235
28995
-7664
-618
-8740
1432
-12297
23119
-32395
-27658
-32305
-21146
17905
-30722
11811
26911
-13217
-12172
3738
5506
32022
-2621
-27409
-3928
-29745
-29368
-23510
-8124
26447
-16028
-8282
-21140
-20231
19326
21215
31691
-18357
-28113
-3214
-30234
31984
-8216
-20879
29898
-29182
13577
3893
-21289
27485
7727
29730
-12283
-11272
5778
27174
-346
32369
-10342
10247
-22276
30431
-12215
29655
22545
4213
-8525
-27561
16632
25519
-22088
-6387
16568
17159
6939
27519
-19743
-12051
-9917
-18909
21843
-21462
-12719
-20034
-24025
22674
10592
-31757
-24172
-15425
3438
13457
21831
-23104
25400
-14386
708
1546
21940
7740
16227
17944
-19549
-12600
12570
-991
13577
12593
-26470
13922
13029
18976
17244
-20525
-12044
-17198
-10707
-21161
4374
7978
-18947
-32108
18697
-6980
-15950
3073
7399
4431
4506
9967
89
-9465
-20707
25753
-8155
-4910
-21792
31286
3040
17965
12588
27306
25317
11161
4250
-13540
1647
-7058
-31018
2243
6125
-12048
-23385
-3251
28846
31726
16741
-12773
11198
11804
-13752
12374
1303
21030
121
28907
-13095
9639
6378
-1737
-9222
-17085
28597
-19315
-7668
28413
12841
6899
7178
18568
-27050
26141
-29347
15268
26061
-18913
-20496
-18636
-14481
15113
-15244
12811
20633
32591
-20975
13328
14531
1294
-4024
-20902
32538
-6562
31592
18984
-30989
-30615
-5082
1546
14504
27178
-12032
-22716
10252
30368
-32154
-21976
-9309
-21548
20735
3114
28625
-14335
29904
-7282
-23370
-17340
7175
-846
600
-14010
-3630
3243
-1818
14875
-20464
29285
-376
-13525
26031
-6857
21447
12198
-26609
-11996
-28457
-29859
-27669
-30805
6099
-243
8471
-14737
2251
-15380
25617
-7489
16644
9029
26825
-4556
-18100
31035
10067
721
-2853
-18077
9264
-22392
32167
-3193
-19034
-10298
14324
-20539
14584
-5710
14112
-2278
-3398
-8262
24988
-7359
-22854
-30371
5013
26701
18627
-19797
16674
8035
-12219
6020
-27104
19880
-21281
7262
6072
-30402
12921
23838
-174
-28165
12889
-27295
210
-4591
11646
-32165
6463
-4318
-2489
18864
23386
-25494
11113
-2842
30939
-18360
-21174
9315
25962
10771
-3832
-31908
20480
-23613
-29040
-21234
-2975
-22078
14477
30283
24032
-27761
-12874
-31928
-16739
-7888
-17135
21878
4421
-28782
14058
-3583
4133
19721
-16637
7060
-21408
-12518
-2706
-13626
24599
24514
30821
-18281
-27897
-29559
-19254
-25173
-25746
-15865
19983
-25571
-5275
-8230
21984
-14516
2301
-4130
-32664
10631
21956
-32471
-14932
8375
-10927
2861
-3015
-16100
-12050
-5823
-23874
25897
3037
5760
29453
-13507
10401
-25005
15316
28335
-30695
-6977
12447
-23548
-12614
30570
-26157
-27117
4828
-10763
4830
9156
20362
29453
25842
-18136
-26138
21438
13999
-6898
-7823
-6080
18246
30671
-14152
-5410
11687
-27088
13756
-8932
16538
-24511
9459
28360
5560
-18797
9582
-16725
22883
-24692
23950
13099
30991
27432
-1072
3821
-30403
-22966
-22702
-32645
9624
-24486
-16328
-6602
29165
-16974
23388
4837
-15024
16531
-22766
-20891
22373
25321
13961
24867
30064
-23255
12367
-29196
6208
11417
15740
20970
14960
17043
27821
9761
10530
-14931
-11330
14472
514
4187
-27099
-3254
-31473
29310
-14358
-17909
5566
-4148
-21295
-10519
32295
24341
1341
17601
-9782
-26530
19966
3464
20239
-18347
17175
-26202
13556
3055
-160
-4913
4295
-6776
-21590
11559
-5474
24018
18887
-2929
31647
-27360
-19193
3288
29356
10563
29491
-12839
-8533
7497
11475
-22681
29588
-3400
3780
-31938
-30106
25742
-18759
16676
-31061
-17415
8989
-2744
24410
-4671
-8236
-27236
7615
-12728
-5246
19345
4161
-24837
22389
20227
31186
810
-10165
5634
-23271
22679
11608
15047
-31614
-5478
29853
20114
25217
-1732
-20207
-7197
22733
-7010
-10882
-24616
16096
13504
16653
-28966
5224
6851
13101
29750
25539
-16674
9311
25639
-12490
-12401
32755
-15179
16511
7367
-26219
-11919
-27349
-31775
-3183
29247
27074
-10685
-1407
12464
-1197
-10585
-17831
-18925
26858
26180
24975
-15925
-21445
2236
22207
-6514
-21886
-22276
-8778
-8654
-7417
-19667
7401
16397
-25173
-12023
24289
23540
32745
-17280
13786
23251
15808
10588
-12807
-20947
-12972
21856
18762
21976
-7443
31232
-4619
-14888
-27501
-523
-32331
10610
23565
30478
-5972
28656
4103
-11379
-3085
12804
8023
28210
14308
-2253
17850
12517
-22942
28694
23111
786
2747
-3815
26608
16737
18418
-2976
10179
6265
30088
-29674
2699
5536
2010
-24648
15653
25729
22342
-4418
-2977
-653
-18523
-2185
-24867
-16878
-11001
-26538
-11434
-7305
1907
-4320
22077
18845
24941
755
-19196
32401
-29843
13040
-31549
19525
-14615
17396
7424
2878
16323
10773
20382
-1033
9343
-23378
-21389
32297
882
4552
7337
-27885
-5350
-437
13680
-6256
-6143
11646
7001
-21871
-16664
-30071
-1890
2641
21143
5293
29586
-12518
-5839
6079
-20607
-15075
14155
-19598
22404
17816
10249
26513
13332
10117
-17084
-5999
20332
-29353
-25827
17305
-19255
3794
-7002
23724
-5746
-4149
-7678
-767
-27357
11326
30429
-8352
8137
-32689
-25596
-20309
-6320
30621
11322
-4190
6555
-16236
-10089
-25347
-8734
-1333
-18689
-7262
-3580
-26218
12073
15762
531
-20705
9687
-14110
-31431
-12576
-18670
-31383
1669
-1781
-23784
-21627
19124
14634
-30577
-23205
444
-30331
-17977
-20894
19632
600
5595
17261
-6233
-8312
-15789
-3282
-21128
-15149
-24642
-12910
-28865
11387
11280
21895
20798
23625
1005
-22179
13045
-19314
-30326
412
9113
20797
-21806
15262
8740
11252
7287
-10004
31544
9668
-29790
-3888
-3504
-10947
27586
-9836
11653
19873
-14984
1041
4081
20998
32383
24940
-31065
960
8007
3904
2241
21733
-7275
1979
-23062
2104
29542
-15594
-31125
8564
-27497
-12846
6823
-3975
12565
-6014
11289
30392
-31931
-8976
-24836
-29393
8406
-2594
11101
19508
11556
30840
-23141
6457
28415
-26592
-6368
28165
-13836
-23382
-11640
-1608
16530
-31043
7490
-30239
-19718
23738
-4739
783
-18917
-20125
22011
12064
-23809
18318
-10940
-31590
3870
-5496
8526
-4614
21466
15816
-15089
31173
21183
-15343
-10431
6973
-15815
-12916
-9994
9840
7851
-17311
-14208
24699
16141
-18937
-24875
12106
31372
10007
-7443
30455
32516
-19211
-18107
-13079
-11281
-27765
-20408
-20272
32595
25031
-10020
-27550
-26333
-11268
9319
9906
-23360
-31900
-5719
3059
4732
-13609
-2147
4025
6985
21205
-27654
-20423
-3186
762
24458
25078
-22762
19632
-26431
-19687
3543
-27229
-15129
5298
18425
18656
20085
18759
-17169
9550
-30313
24527
-20431
-4113
11219
-6314
23586
-19370
24569
3985
30286
-21727
7456
10640
1867
11446
-32124
-11667
19346
13462
27705
13147
11797
14034
-2
-31083
-26850
-27509
-28861
30911
22699
-24375
-27082
-6053
30241
-6795
19127
-26457
-3099
32609
15773
-15725
-13573
12259
-12499
23246
-23236
6576
31709
4219
-2151
3812
-6970
-9937
13249
-23239
20642
-1398
8918
3390
26581
-3261
5906
-21896
-13785
-13588
-3412
24829
32032
-1742
26315
16330
16389
-29012
24032
28562
-27515
-29931
23287
2536
-13011
-18996
-22393
3791
20368
23830
11901
18965
-22997
3820
24152
4038
14890
15894
24749
9071
12300
16653
27641
20416
693
-21700
20706
11245
23656
26392
-17939
32350
-18739
-16933
-10586
3472
21840
32079
290
-4797
2114
26376
20731
8231
25521
-21531
-4051
26446
-4565
-4277
-3812
-22570
10376
-6978
2482
-27595
20605
-8083
-20439
-20409
-28634
22335
-982
7914
4767
-32611
-11060
-11663
29504
-26127
-27554
-472
-5616
-8177
-25048
25141
25660
-25666
-14746
-18762
-22214
-19675
2035
-25013
-26315
-16157
-9472
31695
-18517
-27135
-22841
29404
8611
4310
-16103
-21683
29633
21826
7059
9856
-31926
-1199
-24159
32567
-9160
-29075
6447
26228
11818
-12006
-31645
15130
-8313
-23632
19734
-27786
-20714
-21849
10405
18848
28607
-29978
31588
12537
28916
-20221
12962
-17901
-11878
-21666
32051
2757
12844
-32505
22160
24530
-25321
-26420
15570
25142
-1364
5685
-4350
-4731
16425
1999
-5545
-20339
-21210
24502
2136
12421
-23349
-18820
-13521
-20148
412
301
-15480
-20336
8865
12977
15643
12084
-32444
-8725
19487
-19396
12467
-21937
3339
5853
-4070
-19415
32060
-4379
8842
-8819
-17638
-8939
-8225
-27247
29641
18629
23794
-32766
17041
5627
15472
-82
-343
-28109
-17742
32432
-13444
-758
-15465
27491
16336
-7684
-4364
14281
-25681
12911
-11932
25991
-14422
-29188
30465
19740
2040
3618
-31634
-17928
-4281
-14954
22580
31779
7420
-16321
-13791
30798
-3993
-18122
24322
6441
3625
13595
-12643
6029
21580
-25228
-25804
22966
27778
-6356
-10558
1920
-27805
25148
12833
3384
-4491
-5796
-13779
-15599
29081
-1419
24321
-19833
-21018
-6411
16436
-1350
-3451
-501
3146
-7604
5225
-19759
17937
-29414
26364
1046
-454
16054
-15237
-3213
-1573
-26155
14663
10912
11701
-32048
-25116
19345
-24502
4663
-10987
26424
-18756
-11088
-18241
-20219
-6416
-31693
3555
13093
-9932
5228
13936
23341
-30421
9057
27341
-28728
26497
20832
28730
10478
2520
-25486
-17827
6157
-21485
-21585
31101
14109
-7139
-23963
3570
-15923
-11793
-32237
23414
-17466
7931
14636
10945
5301
-13764
-27834
-25732
-23124
-16105
14540
4837
-4714
-26750
-13290
-16416
24100
15676
1409
5159
9301
-24134
-9065
-4168
-25905
-5778
4437
9707
22731
26046
15443
648
-15619
24183
30993
-12433
6691
-13733
11906
7536
-17172
15686
-4544
28631
7323
-11715
11618
14787
22908
21845
-19880
-6268
-8135
-14409
31307
-19172
31271
27769
-25697
29054
29923
-20738
-28716
-13796
2353
23518
-2492
-520
14752
19517
-30973
-6609
-31590
-17121
11157
-18247
-23520
30614
19962
-9455
-30278
8332
-27555
-1181
14641
14498
12739
-4103
24549
-10508
8442
-12972
-3850
-10826
16714
28260
-31742
-19160
9984
4048
-2266
-10276
26427
-29299
-9903
2134
-27076
-25984
-25775
17823
6799
-21437
20998
-27394
-11718
29120
-6328
-30853
27906
-12163
15017
24555
11820
3366
13290
-10188
12745
8868
-6273
18912
27204
-4366
-1834
-27273
20071
6548
15706
5773
-12593
1967
-27958
-7205
29888
23673
14061
22345
28247
15669
12731
-22811
-763
3515
-32691
-10702
26824
-29443
-31234
29396
-32076
-7171
-16093
-6282
468
10968
14856
11463
-28380
-19814
-787
-27287
-2618
-23746
-8636
-21020
32385
-21254
23609
13782
-3101
31761
6019
-5849
3955
-23410
-25247
-6649
-3675
6851
2752
22603
2407
-21530
10868
10963
-6435
-24632
25147
-6281
-2985
-21484
-6532
-26016
-29445
23587
-22897
-25958
4375
-23363
1369
15832
21496
-23941
26562
-13874
-18733
26733
-5807
27220
4281
28926
31848
18698
5225
15802
24410
17141
-5153
-15974
20934
-2441
27930
24126
-1936
21997
-23914
-15276
29316
-13641
-5581
-381
-2518
25610
-26707
-4490
-15897
-13465
-27291
30243
-1523
26497
-4655
24020
8846
20342
-29982
-31664
-25217
17835
-25899
10045
-25987
8211
30762
-16622
-25473
3257
-30256
9696
-24657
22384
-10014
24521
-29421
5658
16359
4574
11660
-28862
-30926
15750
-27826
-22702
4815
2918
17238
5420
651
10542
7511
-25589
-13402
-7766
18102
-13117
32047
-13510
-14462
9385
-8986
22057
14797
-9977
20165
3889
-13980
-20160
5071
-7463
24178
-19587
10818
-30563
9240
-31563
30720
21172
29529
-8348
-2892
25017
-27705
11505
-30170
-14740
7663
15052
-21404
3853
23637
19526
10653
-14811
-15480
-25351
-21848
2849
-6378
-5805
9510
6885
-12397
-8147
3516
-8515
-27682
24933
25821
-8747
-15878
-28347
-6184
-3755
32716
-20791
-5716
-30998
963
-18056
1052
-17782
11571
25280
-26189
-28115
14646
1511
-21236
29146
3173
19443
-16477
-29614
24966
-17136
27835
-22636
16977
13368
20906
-13563
-3417
19312
16809
30568
21446
26139
-3879
2475
-10970
9312
-10000
31210
-10415
-9288
-29115
21934
-13592
14557
17711
-30093
25677
3141
-13868
-28322
30835
-4392
-19193
16924
-7777
7268
-27008
8512
26642
16674
-5652
13193
4871
22892
-28591
-19621
24718
-15960
-20695
-27791
-27355
6583
-21947
5406
15902
8224
18773
15818
-11297
-29326
18583
19289
27070
26839
13991
11216
-3289
-30623
-23594
-21667
13317
9114
21613
-22063
-3473
16553
16364
-24792
-6753
-16716
27158
18358
-834
-27836
-19806
-9201
9276
17796
-18364
28070
13312
-30152
32610
17722
-27233
3206
-12409
30556
18783
2973
24676
15804
29488
11331
-30666
9195
-31617
23824
-20695
2120
15170
21408
-24776
-27070
-26325
-11688
14446
-16622
19640
13458
11837
21911
-9097
2837
-32275
5807
-21965
22373
7558
13293
17468
32058
-15099
-9265
-25442
-18920
-12792
3380
5133
-3504
-6858
1389
-1000
24384
-27296
14292
29501
24756
17682
-15291
16371
-20275
12325
-2282
86
29421
-31365
-4968
-28530
521
13823
8527
5590
24955
16022
-9912
16224
9950
-13668
-17581
-29913
17563
29808
11269
10227
18669
31274
-11449
-24112
10724
27071
-24955
920
-31686
25207
22427
-11772
-31641
-19931
2367
25671
-10793
-29556
-4632
30972
-20062
-31555
-8167
20499
-3996
21517
12360
-31338
-2244
22871
5321
8201
-10412
-4391
2130
-14074
23366
22265
-26483
-18992
5248
23661
21813
734
-14635
-21821
28367
-31838
-29690
2638
-25418
4684
-26721
22556
-28204
16317
-22274
-6057
1274
-12711
-17091
-7947
2800
30433
19987
-4870
-30079
-17650
-25051
11363
-13139
-5447
-31718
28284
-21097
-25390
25949
15661
-27219
20851
-1219
19630
-13361
22254
21558
-19051
22800
-24895
16405
-20173
20054
21680
-22423
23506
30557
-10963
9178
-9281
-31320
-11082
-16410
15261
29861
14130
-26777
1017
-10942
31315
15528
3586
11465
-5165
15309
-15510
23598
-31663
30458
-19915
-11648
25854
-26511
-6991
31161
-21270
32384
-21214
-30427
-31159
29791
-8578
6685
27551
-12742
-1092
-12233
-17366
16930
-6754
-21753
-21408
25286
2577
-10863
-20210
-7721
-7774
-4248
-32019
20251
10351
-27057
17650
-4049
-24715
-10892
-17442
27580
4446
4303
-29432
17740
9871
5941
-13442
6191
10115
-30223
-9631
-4255
604
5248
5903
29871
-6979
-16827
2292
338
-26783
-12455
-23991
-30428
-15707
-31331
-938
3668
-31645
-10582
-8369
14887
6154
-4762
-14067
-23768
5409
24430
-11148
-31088
-21272
-26022
9207
26685
26297
-18959
-12966
31949
2074
-8839
-16306
-1372
-2239
28546
-20113
-19143
15143
-14103
-24059
22606
-3912
-12481
3489
28458
32332
4084
18684
-464
433
19498
-7753
-2877
-32276
-28360
-18675
16648
-19738
22452
834
-14566
18092
16762
-8502
-21835
-25790
19394
-3755
-17225
13313
-27965
-30236
-11124
-20715
-18400
31072
32716
-13242
-13307
6740
-23346
24229
-17680
-5739
26850
24970
17434
-5631
30752
26604
17760
5375
28144
-3846
-21166
12219
-28086
-6318
-31430
6797
-21785
4679
-6189
-28164
-22402
-2707
8928
7938
-2707
-10214
20882
6123
17896
-10369
-26161
29563
-10553
-31192
1389
30267
21303
-22996
-26406
12528
16565
3507
-32213
-14246
26997
-1284
18350
23126
26310
22461
-13535
-5874
-1508
-19652
672
-20307
10228
-25917
5686
8692
18404
7639
-4251
-7645
6344
-5729
-11097
-24660
16241
-14869
-9084
22382
17847
28388
-10647
-15318
3767
22803
2769
-3778
-2646
-2482
18627
16600
-14077
-18898
-22267
6361
23473
-31327
-2298
20639
-22912
-19324
-29547
12128
-3418
-13541
31914
5963
-32055
21027
6102
-24610
3337
-21089
-9321
18152
-28820
25877
-27934
24680
21509
17180
27589
-6609
7068
19710
24597
-7619
-15644
27869
-15262
-16228
-19997
10385
29155
-12152
-21207
19749
19937
24356
-9178
-4245
-8991
-20836
-5980
21087
-19262
27512
-11543
30036
-20682
11752
2402
-1474
-28287
-27848
-7821
-28393
17565
1212
28330
-2836
-19012
-12294
30650
19689
-31758
14207
-21755
3214
30006
21466
24218
10824
7517
-503
-25739
-18231
19670
-17127
-10419
10069
-29715
-13097
28273
14606
9649
28584
10577
-15861
-13411
8924
-3160
8490
-10192
4357
20558
1426
14304
25137
-2440
11020
-31953
-30021
-5732
9451
-31674
14693
10919
-12535
-29159
18156
-23027
28686
31493
-2234
-6068
30617
3279
849
205
-18090
15831
-18868
-27360
28367
5833
-20246
-18782
-3406
31174
-21285
-11110
-30007
-20700
12100
-3971
4901
-32108
-4983
-13379
-31623
-29187
15792
32057
13698
-22377
11098
-7127
-13050
30022
27869
-3287
-18095
15720
-7762
-28806
-19157
3185
32354
29429
15795
-21814
-17166
-18493
20054
19088
25749
-28310
29595
-4129
-283
-3395
4580
-20716
14019
1981
2709
-10627
13258
25369
-32116
-21109
16711
-8358
7356
22125
22306
-5387
31955
21834
-2822
-13694
-10022
-20945
16340
-3108
22026
9715
29669
21133
8692
-26493
32663
-28621
-29174
27018
11587
-16164
23582
6020
870
15008
21021
10671
28944
28585
30787
-14861
-29434
-21987
11210
-19397
-9192
-20994
27340
-23726
21134
-23071
-3093
19075
-13625
27412
-12435
26280
-4040
9555
15362
-734
948
2709
28447
-19137
6174
-28726
-18678
6915
26398
-31829
-32725
-11443
-18234
8971
18740
15948
-14087
16627
-24322
10407
-8240
-3628
6454
-23240
4203
-5115
-9608
-12350
-17720
-240
29610
-14232
-25949
16506
7607
14325
19749
-25197
12489
-19852
19214
-28764
-28772
26397
31849
21037
31726
13163
10205
-3549
-19094
-31682
21215
-29975
-22962
-13787
-10719
-30725
-229
27749
-2606
-19653
106
9127
-20120
992
24931
-23412
-17313
15650
-14666
-28580
897
-31851
30238
-18042
-12396
-1619
11849
31502
27284
26993
31823
-9060
-31391
15938
14306
-28996
28749
4838
25026
5088
-6405
22233
6322
24847
-817
-19040
10395
18193
-19925
8766
-8892
-4978
-12692
24215
9610
-20726
30591
25561
-25260
-1187
26068
6044
-13326
4901
-6392
-13545
-244
2163
30454
-3954
4044
-27523
13482
-9548
-20588
25788
-8856
-25341
31952
3347
10787
25654
7790
-9042
9999
-6633
-13829
341
-823
21730
28400
-23107
-14098
-5069
25729
20076
29133
9650
-13426
8433
-21743
-7367
20261
32088
-28767
-8935
3389
19268
-26908
737
-21961
16660
-7146
-25722
31469
2217
6254
25209
-13672
-28292
29042
14805
27123
-29183
-12195
31495
-25307
-10442
18422
32068
24915
-11193
-27741
2709
-2733
-3240
25112
6695
-629
-32470
12754
21573
-29183
32200
-26884
19112
-6642
-19071
-14772
15364
31975
12433
21992
-2301
-25891
4181
-31091
-14956
-10730
-145
-27898
24793
-7591
-9534
-2705
-31895
19662
2691
-22629
16330
10818
26888
-8742
-5245
-31363
-27567
4776
781
22762
12831
-21547
2032
20189
-4981
22918
-18096
-19120
-14204
-6249
-12638
15031
9108
-28400
-11767
15778
14929
-27234
-16065
-16323
27420
-12904
7949
-22296
-26393
-12950
18154
-23785
-28664
1771
-32114
-27852
-20624
-24832
-2403
-12033
-29782
-13019
-21477
21815
-3438
6883
-20230
-14748
-1648
3342
-4763
-21022
-22096
-24077
-24449
21255
-4958
9228
-23060
9586
-476
-21958
27646
-13790
28920
-11370
-5151
-30704
-24983
-13444
19346
-17247
-25226
20863
-30189
299
-30918
-13240
-3929
-10170
-29801
-26723
17156
-10317
-27839
-5475
-30425
-19879
29633
-30763
2300
-31000
7950
30455
28706
-8267
-30022
-7029
-15346
-25969
-1783
-13879
-25861
-829
20523
-11255
-24254
1968
-5554
-1318
26387
-13839
28991
650
2844
-5956
-19169
-12135
24240
25826
-12222
8607
-28003
4347
20332
20673
-8902
-16096
-20117
7621
-18466
-29409
-18447
903
-11719
-1395
12679
23306
-23265
17821
-1653
8362
30092
29552
9097
-3301
12890
-29180
20991
-22291
16430
-5740
14285
32326
11649
-10852
9595
20946
-8855
10504
-18419
18540
-28281
12384
-21914
23139
-10827
-22658
5235
-31728
23114
27114
12853
-2272
-16754
29361
29959
9150
-2008
14809
-5775
25425
16109
25719
19342
-8932
-32694
8405
3887
28906
28282
-23080
-5939
-2536
13246
-2344
19905
-8979
28367
18156
-28732
20807
16918
-18178
-23625
-16680
28919
21479
28140
5592
7827
-12699
7644
-7767
24141
20329
20485
-19846
-6163
-27732
-32329
-24929
14591
10436
-30227
18455
4209
14961
-12524
-19289
-29423
-19791
15235
27021
6063
31619
8181
-16244
16919
-20330
-29978
-18684
-22858
24575
-25341
-3495
18602
1220
-26144
1359
-14251
-10585
-29253
-7873
23494
-29285
-19834
7332
32313
-25473
31706
7885
-3328
-11962
8762
-18705
-19691
-16496
7459
25817
27412
32437
-24838
-29511
18262
-25584
